0.085845,0.001590,0.000168,0.716862,0.000004,0.002135,0.000024,0.000144,0.193174,0.000053
0.000000,0.999999,0.000000,0.000000,0.000000,0.000000,0.000000,0.000000,0.000000,0.000000
0.000235,0.000003,0.000006,0.000174,0.164184,0.000026,0.012099,0.000024,0.823249,0.000000
1.000000,0.000000,0.000000,0.000000,0.000000,0.000000,0.000000,0.000000,0.000000,0.000000
0.000001,0.000120,0.970635,0.001780,0.000000,0.000263,0.000000,0.000003,0.015644,0.011554
0.000000,0.000000,0.000000,1.000000,0.000000,0.000000,0.000000,0.000000,0.000000,0.000000
0.000000,0.000413,0.998065,0.000292,0.000000,0.000073,0.000000,0.000000,0.001149,0.000007
0.000000,0.000000,0.999999,0.000001,0.000000,0.000000,0.000000,0.000000,0.000000,0.000000
0.000001,0.000239,0.000000,0.836927,0.000000,0.000039,0.000000,0.000002,0.030815,0.131976
0.000032,0.000131,0.000065,0.000050,0.000037,0.000007,0.999298,0.000003,0.000377,0.000000
0.000000,0.000000,1.000000,0.000000,0.000000,0.000000,0.000000,0.000000,0.000000,0.000000
0.000000,0.999990,0.000004,0.000000,0.000000,0.000002,0.000000,0.000000,0.000004,0.000000
0.000266,0.000000,0.000096,0.000001,0.000014,0.000000,0.999616,0.000000,0.000006,0.000000
0.000000,0.999986,0.000000,0.000013,0.000000,0.000001,0.000000,0.000000,0.000000,0.000000
0.000000,0.999992,0.000000,0.000000,0.000000,0.000001,0.000000,0.000000,0.000007,0.000000
0.000000,0.000000,0.000000,0.999992,0.000000,0.000001,0.000000,0.000000,0.000006,0.000000
0.000033,0.000001,0.000028,0.000529,0.000289,0.000020,0.000001,0.000016,0.000260,0.998822
0.000000,0.000002,0.000000,0.000194,0.000036,0.000001,0.000000,0.000000,0.000091,0.999677
0.999993,0.000000,0.000004,0.000001,0.000000,0.000000,0.000000,0.000000,0.000002,0.000000
0.000001,0.000317,0.000017,0.865438,0.000000,0.000017,0.000005,0.000003,0.134202,0.000000
0.999986,0.000000,0.000001,0.000000,0.000000,0.000000,0.000000,0.000000,0.000012,0.000000
0.000105,0.000000,0.000000,0.000508,0.000069,0.000001,0.000000,0.000000,0.001927,0.997390
0.000000,0.000000,0.000000,0.000000,0.999658,0.000000,0.000000,0.000000,0.000000,0.000342
0.999995,0.000000,0.000000,0.000000,0.000000,0.000000,0.000005,0.000000,0.000000,0.000000
0.002781,0.000001,0.293167,0.000034,0.008519,0.000039,0.695178,0.000073,0.000108,0.000098
0.000000,0.000004,0.000007,0.000009,0.000007,0.000003,0.000000,0.000001,0.999969,0.000000
0.000000,0.000021,0.999366,0.000597,0.000000,0.000000,0.000015,0.000000,0.000000,0.000000
0.000000,0.000001,0.999998,0.000000,0.000000,0.000000,0.000000,0.000000,0.000000,0.000000
0.000001,0.000000,0.000000,0.973097,0.000012,0.000000,0.000000,0.000000,0.000722,0.026168
0.000000,0.000013,0.000321,0.077926,0.000002,0.000053,0.000000,0.000011,0.921673,0.000000
0.000000,0.000000,0.000000,0.000000,0.999987,0.000000,0.000000,0.000000,0.000000,0.000013
1.000000,0.000000,0.000000,0.000000,0.000000,0.000000,0.000000,0.000000,0.000000,0.000000
0.000001,0.000070,0.000748,0.000001,0.918495,0.000019,0.077886,0.000026,0.001280,0.001473
0.000013,0.000000,0.000971,0.224903,0.000000,0.000000,0.773809,0.000000,0.000304,0.000000
0.309535,0.000000,0.000709,0.606544,0.000001,0.000408,0.000001,0.000025,0.082768,0.000009
0.000874,0.000001,0.000166,0.874741,0.000128,0.000011,0.015386,0.000026,0.108666,0.000000
0.000000,0.999481,0.000004,0.000484,0.000001,0.000016,0.000003,0.000001,0.000004,0.000007
0.000000,0.000103,0.999484,0.000409,0.000000,0.000001,0.000001,0.000000,0.000004,0.000000
0.000000,0.999998,0.000000,0.000001,0.000000,0.000000,0.000000,0.000000,0.000000,0.000000
0.000000,0.000000,0.000000,0.999999,0.000000,0.000000,0.000000,0.000000,0.000001,0.000000
0.000000,0.999961,0.000000,0.000000,0.000000,0.000001,0.000000,0.000000,0.000038,0.000000
0.000047,0.008919,0.000018,0.000004,0.307978,0.001789,0.000013,0.000469,0.618929,0.061834
0.000005,0.000044,0.000027,0.000058,0.075823,0.000032,0.000086,0.000012,0.000032,0.923881
0.000010,0.000000,0.000009,0.000200,0.896835,0.000001,0.102438,0.000004,0.000498,0.000004
0.000000,0.000000,0.001094,0.109645,0.000000,0.000013,0.000000,0.000001,0.000438,0.888808
0.000000,0.000000,0.999995,0.000005,0.000000,0.000000,0.000000,0.000000,0.000000,0.000000
0.999000,0.000000,0.000008,0.000625,0.000000,0.000003,0.000000,0.000000,0.000331,0.000033
0.971970,0.000000,0.000003,0.027941,0.000000,0.000000,0.000000,0.000000,0.000085,0.000000
0.008466,0.000006,0.020592,0.081280,0.000125,0.000099,0.573519,0.000153,0.315754,0.000006
0.000002,0.000001,0.000003,0.000426,0.000000,0.000033,0.000000,0.000002,0.999532,0.000001
0.000000,0.000202,0.000009,0.000000,0.000006,0.000000,0.999749,0.000000,0.000033,0.000000
0.007374,0.000000,0.820800,0.000031,0.000000,0.000006,0.171785,0.000001,0.000002,0.000000
0.000146,0.000010,0.000003,0.982151,0.001324,0.000033,0.000152,0.000026,0.016156,0.000001
0.000000,0.000000,0.000000,0.000000,0.993868,0.000000,0.006129,0.000000,0.000000,0.000003
0.000000,0.999956,0.000001,0.000034,0.000000,0.000004,0.000000,0.000000,0.000004,0.000001
0.000000,0.000001,0.000000,0.000079,0.006257,0.000000,0.000000,0.000000,0.000002,0.993661
0.483832,0.000000,0.000441,0.513899,0.000000,0.000023,0.000000,0.000002,0.001407,0.000394
0.000000,0.999972,0.000018,0.000002,0.000000,0.000004,0.000001,0.000000,0.000003,0.000000
0.000152,0.000001,0.000000,0.185816,0.000000,0.000065,0.000000,0.000002,0.813940,0.000024
0.000001,0.000001,0.000324,0.000079,0.000014,0.000021,0.000000,0.000008,0.999550,0.000000
0.000000,0.995039,0.002921,0.001821,0.000000,0.000144,0.000003,0.000005,0.000039,0.000028
1.000000,0.000000,0.000000,0.000000,0.000000,0.000000,0.000000,0.000000,0.000000,0.000000
0.000000,0.000000,0.999957,0.000001,0.000000,0.000000,0.000041,0.000000,0.000000,0.000000
0.000000,0.000000,0.000000,0.000000,0.992323,0.000000,0.000000,0.000000,0.000000,0.007677
0.000000,0.000000,0.000000,0.000001,0.988205,0.000000,0.000001,0.000000,0.000001,0.011793
0.000000,0.000000,0.000057,0.999937,0.000000,0.000001,0.000000,0.000000,0.000004,0.000000
0.000136,0.000000,0.000044,0.000000,0.003544,0.000000,0.996274,0.000000,0.000000,0.000003
0.000000,0.000000,0.000039,0.093273,0.000049,0.000012,0.000000,0.000006,0.906517,0.000104
0.000000,0.000000,0.000001,0.000003,0.000000,0.000002,0.000000,0.000000,0.999838,0.000156
0.000163,0.000001,0.946450,0.000005,0.002812,0.000034,0.050510,0.000012,0.000008,0.000005
0.000000,0.000000,0.000000,0.000000,0.720783,0.000000,0.000000,0.000000,0.000000,0.279216
0.997676,0.000000,0.002319,0.000004,0.000000,0.000000,0.000001,0.000000,0.000001,0.000000
0.000010,0.000000,0.000000,0.000003,0.998409,0.000000,0.000000,0.000000,0.000002,0.001576
0.999991,0.000000,0.000000,0.000000,0.000000,0.000000,0.000006,0.000000,0.000000,0.000002
0.000410,0.000005,0.003667,0.000010,0.966160,0.000081,0.025027,0.000283,0.001292,0.003065
0.000000,0.000000,0.000000,0.000000,0.999985,0.000000,0.000001,0.000000,0.000000,0.000014
0.000013,0.000008,0.220605,0.146538,0.018428,0.000259,0.000006,0.000046,0.000881,0.613217
0.000023,0.000000,0.000000,0.000013,0.000028,0.000000,0.000000,0.000000,0.000007,0.999929
0.000000,0.000000,0.000000,1.000000,0.000000,0.000000,0.000000,0.000000,0.000000,0.000000
0.000001,0.000000,0.000000,0.000000,0.997301,0.000000,0.000030,0.000000,0.000002,0.002666
0.000000,0.999967,0.000017,0.000009,0.000000,0.000005,0.000001,0.000000,0.000001,0.000000
0.430821,0.000000,0.000000,0.531037,0.000292,0.000002,0.000000,0.000002,0.000381,0.037465
0.000000,0.000000,0.000000,0.000000,0.002762,0.000000,0.000000,0.000000,0.000027,0.997211
0.000000,0.000056,0.999714,0.000126,0.000008,0.000060,0.000004,0.000006,0.000024,0.000000
0.000000,0.000000,0.000000,1.000000,0.000000,0.000000,0.000000,0.000000,0.000000,0.000000
0.011553,0.000001,0.000000,0.877642,0.001238,0.000052,0.000000,0.000020,0.001774,0.107719
0.000000,0.016679,0.000060,0.000168,0.000824,0.000036,0.000226,0.000011,0.981995,0.000000
0.000000,0.000004,0.000003,0.153625,0.000001,0.000017,0.000000,0.000002,0.846347,0.000002
0.999901,0.000000,0.000030,0.000000,0.000009,0.000000,0.000031,0.000000,0.000001,0.000028
0.000139,0.000002,0.000000,0.000616,0.381747,0.000020,0.000033,0.000011,0.000254,0.617176
0.000001,0.000000,0.000000,0.999993,0.000000,0.000000,0.000000,0.000000,0.000005,0.000001
0.000003,0.000000,0.000000,0.999936,0.000000,0.000000,0.000000,0.000000,0.000058,0.000002
0.000005,0.000000,0.000048,0.000000,0.000011,0.000000,0.999935,0.000000,0.000000,0.000000
0.000000,0.000000,0.000001,0.000000,0.000001,0.000000,0.999999,0.000000,0.000000,0.000000
1.000000,0.000000,0.000000,0.000000,0.000000,0.000000,0.000000,0.000000,0.000000,0.000000
0.000000,0.999983,0.000009,0.000003,0.000000,0.000003,0.000000,0.000000,0.000002,0.000000
0.000001,0.000003,0.004614,0.000015,0.000016,0.000002,0.994146,0.000002,0.001202,0.000000
1.000000,0.000000,0.000000,0.000000,0.000000,0.000000,0.000000,0.000000,0.000000,0.000000
0.000001,0.000001,0.000008,0.999985,0.000000,0.000002,0.000000,0.000000,0.000001,0.000001
0.017932,0.000000,0.000001,0.978159,0.000000,0.000003,0.000000,0.000000,0.000568,0.003336
