0.000000,0.007690,0.991604,0.000652,0.000000,0.000020,0.000027,0.000001,0.000006,0.000000
0.000000,0.000000,0.000000,1.000000,0.000000,0.000000,0.000000,0.000000,0.000000,0.000000
0.000000,0.000000,0.000000,1.000000,0.000000,0.000000,0.000000,0.000000,0.000000,0.000000
0.000000,0.000000,0.999976,0.000024,0.000000,0.000000,0.000000,0.000000,0.000000,0.000000
0.000000,0.998680,0.000026,0.000990,0.000050,0.000074,0.000024,0.000008,0.000021,0.000128
0.070435,0.000000,0.000000,0.000577,0.000005,0.000012,0.000000,0.000003,0.001905,0.927063
1.000000,0.000000,0.000000,0.000000,0.000000,0.000000,0.000000,0.000000,0.000000,0.000000
0.000001,0.000307,0.706440,0.000867,0.000003,0.000682,0.000000,0.000037,0.008893,0.282770
0.000358,0.000001,0.004064,0.000339,0.001043,0.000003,0.994074,0.000019,0.000012,0.000086
0.001167,0.000000,0.000003,0.000001,0.990391,0.000009,0.000147,0.000019,0.000296,0.007966
0.000000,0.999646,0.000115,0.000008,0.000003,0.000063,0.000010,0.000005,0.000150,0.000000
0.000001,0.000001,0.000004,0.999957,0.000000,0.000000,0.000000,0.000000,0.000037,0.000000
0.000007,0.000000,0.000001,0.018174,0.000000,0.000005,0.000000,0.000001,0.981279,0.000534
0.000000,0.032865,0.918288,0.002333,0.000000,0.000435,0.000001,0.000010,0.008628,0.037440
0.000000,0.000001,0.000000,0.000003,0.938842,0.000001,0.000001,0.000002,0.000033,0.061118
0.000002,0.000000,0.000006,0.000003,0.000000,0.000000,0.999966,0.000000,0.000022,0.000000
0.000124,0.000000,0.001731,0.000000,0.007217,0.000003,0.000003,0.000003,0.002126,0.988792
0.000000,0.000000,0.999994,0.000006,0.000000,0.000000,0.000000,0.000000,0.000000,0.000000
0.014480,0.000000,0.000000,0.931056,0.000014,0.000015,0.000000,0.000005,0.050541,0.003889
0.000000,0.999662,0.000020,0.000267,0.000001,0.000032,0.000001,0.000001,0.000004,0.000013
0.000000,0.039876,0.000071,0.136369,0.000000,0.000124,0.000003,0.000010,0.823546,0.000001
0.741293,0.000000,0.000000,0.000000,0.000003,0.000000,0.000000,0.000000,0.000007,0.258697
0.000000,0.000000,0.000000,1.000000,0.000000,0.000000,0.000000,0.000000,0.000000,0.000000
0.000717,0.000002,0.000004,0.000662,0.549033,0.000048,0.000015,0.000155,0.002647,0.446717
0.000000,0.999634,0.000218,0.000077,0.000001,0.000031,0.000026,0.000001,0.000012,0.000001
0.000139,0.000000,0.000000,0.994755,0.000000,0.000002,0.000000,0.000000,0.001413,0.003691
0.000000,0.000000,0.000000,0.999999,0.000000,0.000000,0.000000,0.000000,0.000001,0.000000
0.999995,0.000000,0.000002,0.000000,0.000000,0.000000,0.000003,0.000000,0.000000,0.000000
0.000000,0.000000,0.000000,0.000000,0.047724,0.000000,0.000000,0.000000,0.000000,0.952275
0.000000,0.999999,0.000000,0.000000,0.000000,0.000000,0.000000,0.000000,0.000000,0.000000
0.000000,0.000000,0.000001,0.000000,0.998788,0.000000,0.000018,0.000000,0.000001,0.001191
1.000000,0.000000,0.000000,0.000000,0.000000,0.000000,0.000000,0.000000,0.000000,0.000000
0.000554,0.007692,0.016434,0.003100,0.001176,0.000837,0.967428,0.000459,0.002230,0.000091
0.000000,0.000053,0.000008,0.999915,0.000000,0.000003,0.000000,0.000000,0.000018,0.000004
0.000001,0.000000,0.000000,0.999986,0.000000,0.000000,0.000000,0.000000,0.000010,0.000004
0.000339,0.000002,0.000035,0.000000,0.000049,0.000001,0.999331,0.000000,0.000242,0.000000
1.000000,0.000000,0.000000,0.000000,0.000000,0.000000,0.000000,0.000000,0.000000,0.000000
0.000001,0.000000,0.000001,0.000013,0.996792,0.000002,0.000001,0.000003,0.000025,0.003163
0.000000,0.000000,0.000000,0.000000,0.000048,0.000000,0.000000,0.000000,0.000004,0.999948
0.000001,0.000000,0.000009,0.000002,0.000026,0.000002,0.000000,0.000001,0.000170,0.999791
0.933541,0.000000,0.000000,0.046418,0.000000,0.000001,0.000001,0.000000,0.018413,0.001627
0.000000,0.999995,0.000000,0.000003,0.000000,0.000001,0.000000,0.000000,0.000000,0.000000
0.077971,0.000000,0.003856,0.000063,0.000000,0.000000,0.918109,0.000000,0.000001,0.000000
0.000001,0.000005,0.000014,0.000147,0.000000,0.000016,0.000000,0.000000,0.999816,0.000001
0.000001,0.000000,0.000000,0.000017,0.000183,0.000000,0.000000,0.000000,0.000002,0.999798
0.000004,0.000000,0.000000,0.999392,0.000000,0.000000,0.000000,0.000000,0.000548,0.000056
0.908980,0.000000,0.000001,0.000017,0.000109,0.000197,0.000000,0.000017,0.064126,0.026553
0.000000,0.000000,0.985005,0.008575,0.000000,0.000015,0.000000,0.000001,0.000080,0.006324
0.000000,0.000000,0.000000,0.000000,0.658995,0.000000,0.000000,0.000000,0.000000,0.341005
0.000000,0.000000,0.000000,0.999999,0.000000,0.000000,0.000000,0.000000,0.000001,0.000000
0.000048,0.000000,0.000001,0.016145,0.000000,0.000004,0.000000,0.000000,0.983715,0.000087
0.000000,0.000000,0.000000,0.999989,0.000000,0.000000,0.000000,0.000000,0.000010,0.000000
0.000000,0.000005,0.000024,0.008511,0.000002,0.000020,0.000000,0.000003,0.991154,0.000280
0.000000,0.999992,0.000000,0.000006,0.000000,0.000001,0.000000,0.000000,0.000000,0.000000
0.279394,0.000654,0.000053,0.003778,0.009877,0.003219,0.001536,0.000574,0.700901,0.000014
0.000000,0.000000,0.000000,1.000000,0.000000,0.000000,0.000000,0.000000,0.000000,0.000000
0.000227,0.000000,0.017597,0.001679,0.000000,0.000035,0.000002,0.000007,0.979868,0.000585
0.999997,0.000000,0.000000,0.000001,0.000000,0.000000,0.000000,0.000000,0.000000,0.000002
0.000000,0.000000,0.000000,0.999258,0.000000,0.000000,0.000000,0.000000,0.000741,0.000000
0.000000,0.000000,0.000000,0.999993,0.000000,0.000000,0.000000,0.000000,0.000007,0.000000
0.000125,0.000022,0.558485,0.434975,0.000000,0.000009,0.006345,0.000001,0.000037,0.000000
0.000001,0.000000,0.000004,0.000004,0.000000,0.000008,0.000000,0.000001,0.999978,0.000003
0.000000,0.000000,0.000000,0.000000,0.000001,0.000000,0.999999,0.000000,0.000000,0.000000
0.000505,0.000000,0.012328,0.259250,0.000001,0.000142,0.000000,0.000021,0.000705,0.727048
0.000003,0.282092,0.290659,0.200922,0.000011,0.006411,0.000001,0.000244,0.003257,0.216401
0.000999,0.000000,0.000179,0.996902,0.000000,0.000010,0.000000,0.000001,0.000010,0.001899
0.000000,0.000000,0.000001,0.999998,0.000000,0.000000,0.000000,0.000000,0.000001,0.000000
0.000007,0.000000,0.000000,0.000354,0.000000,0.000000,0.000000,0.000000,0.000033,0.999606
0.999525,0.000000,0.000440,0.000034,0.000000,0.000000,0.000000,0.000000,0.000000,0.000000
0.000387,0.000000,0.000000,0.994502,0.000008,0.000001,0.000001,0.000002,0.003527,0.001571
0.000001,0.000000,0.000097,0.000001,0.022722,0.000007,0.000003,0.000008,0.009313,0.967849
0.999507,0.000000,0.000035,0.000163,0.000000,0.000005,0.000008,0.000002,0.000158,0.000122
0.000141,0.000000,0.999856,0.000001,0.000000,0.000000,0.000000,0.000000,0.000002,0.000000
0.000000,0.022889,0.000016,0.037184,0.000000,0.000099,0.000000,0.000002,0.938728,0.001083
0.000286,0.000000,0.000001,0.043864,0.000000,0.000003,0.000000,0.000001,0.001765,0.954081
0.000000,0.000000,0.000000,1.000000,0.000000,0.000000,0.000000,0.000000,0.000000,0.000000
0.000000,0.999498,0.000047,0.000284,0.000002,0.000095,0.000002,0.000004,0.000018,0.000048
0.000001,0.000000,0.000000,0.000000,0.000062,0.000001,0.000000,0.000000,0.000674,0.999262
0.000000,0.086616,0.908618,0.003681,0.000001,0.000737,0.000002,0.000017,0.000103,0.000224
0.000000,0.000000,0.000000,0.000000,0.000000,0.000000,0.000000,0.000000,1.000000,0.000000
0.000000,0.000000,0.000000,0.000000,0.000005,0.000000,0.999994,0.000000,0.000000,0.000000
0.061096,0.000009,0.000005,0.008093,0.000064,0.001426,0.000000,0.000108,0.821523,0.107675
0.000225,0.000000,0.000000,0.000318,0.000039,0.000000,0.000000,0.000000,0.000008,0.999410
0.000000,0.000000,0.000000,0.999991,0.000000,0.000000,0.000000,0.000000,0.000009,0.000000
0.000008,0.000003,0.000116,0.000000,0.000014,0.000003,0.014120,0.000001,0.985735,0.000000
0.000000,0.000000,0.000000,0.000000,0.000164,0.000000,0.000000,0.000000,0.000000,0.999836
0.000000,0.000000,0.000000,0.999986,0.000000,0.000000,0.000000,0.000000,0.000009,0.000005
0.000000,0.000000,0.000000,1.000000,0.000000,0.000000,0.000000,0.000000,0.000000,0.000000
0.761715,0.000000,0.000003,0.002065,0.000000,0.000033,0.000000,0.000003,0.000765,0.235415
0.363730,0.000000,0.000006,0.000218,0.000001,0.000190,0.000000,0.000008,0.325992,0.309853
0.000000,0.999998,0.000000,0.000000,0.000000,0.000000,0.000000,0.000000,0.000002,0.000000
0.000080,0.000000,0.001399,0.003632,0.000001,0.000078,0.000000,0.000011,0.003608,0.991191
1.000000,0.000000,0.000000,0.000000,0.000000,0.000000,0.000000,0.000000,0.000000,0.000000
0.999991,0.000000,0.000000,0.000002,0.000000,0.000000,0.000000,0.000000,0.000008,0.000000
0.000000,0.000000,0.000000,1.000000,0.000000,0.000000,0.000000,0.000000,0.000000,0.000000
0.000000,0.000000,0.000000,0.000004,0.000288,0.000000,0.000000,0.000000,0.000000,0.999707
0.000000,0.000000,0.999975,0.000024,0.000000,0.000000,0.000000,0.000000,0.000000,0.000000
0.000117,0.000000,0.000002,0.989847,0.000000,0.000009,0.000000,0.000001,0.010024,0.000000
0.000000,0.156609,0.838421,0.000003,0.000000,0.000091,0.000020,0.000002,0.004854,0.000000
0.000000,0.999990,0.000000,0.000001,0.000000,0.000000,0.000000,0.000000,0.000009,0.000000
